# FBM Simulator, Hurst: 0.4, N: 256 
# SEED 100
# Barrier 0 at 0
# Barrier 1 at 0.1
# FBM Simulator
# Bridge with Matrix inversion
# Hurst parameter: 0.4
# Linear drift (mu): 0
#Fractional drift (nu): 0
# N: 256
# MAX generation: 16 
0.546320071269
1.401553740637
1.197417311568
0.761810757246
1.014848573258
0.110264131936
0.093991580133
2.297237927435
0.266831363439
1.125782698779
0.740874573050
1.792569992699
1.136469492078
0.387922975948
0.633421764181
0.519462226318
0.159028550312
0.768623747227
0.707515539074
0.911240177336
1.288531604987
0.450673027147
0.650465198186
0.684999444755
0.705933451982
1.800470098354
1.278518871382
0.747692431309
1.620741058296
1.140514744176
0.142934907831
0.174459772253
0.503709074861
1.339004604759
0.215064661687
0.820632213491
0.681197130904
3.129080716196
0.070710678119
0.955809333440
0.660504931720
0.259865742814
1.171472497739
0.842491274500
0.405179287221
0.824586086618
1.077088981764
1.099670905372
1.381340075405
0.169296287403
0.684644000532
2.652988519421
0.322853365970
1.080198021673
1.124288252020
0.715467619668
1.437868144758
2.330534451923
1.319617661610
1.752205769780
1.177800611902
0.206838646713
2.755291483091
1.788561209753
0.658148200936
0.666638001948
0.791623358225
0.629755969986
0.627477098925
0.083998840102
1.640335231770
1.035032645115
2.444534593621
0.791331431520
1.597652824867
0.070710678119
1.480511105273
0.991553147454
2.086802392511
0.994848383156
1.440358342677
0.914456816378
0.098553032124
0.537009565689
2.661731289766
0.692803863684
0.632317478190
0.374669688936
0.961141691240
0.509535583227
0.155613888740
1.055757091415
1.574956208656
0.998907663268
1.099808772402
1.042432909522
1.338038616100
0.832782438688
0.939241539058
1.463234108521
1.327395416132
1.104704058380
1.296146294265
1.049207890596
1.076163685674
0.543779627210
1.601082437344
1.767029362998
1.825955505213
1.176217039246
0.199194559296
0.821280637325
1.252166705221
0.764869452888
1.100844459398
0.993805184477
1.146210089496
2.592661981757
0.332825051739
0.347985036051
1.178723848851
1.065844931207
2.718878891574
1.053769739335
0.750044259339
0.575943787762
1.132844470056
1.140192896088
1.797645676707
0.257847132682
1.003850129275
1.168183366104
0.367333354478
0.597465838791
2.430141926040
1.833913194789
0.530231243813
0.231486135530
0.657174112308
0.565480401324
1.493806116366
0.484769528946
0.623388177301
0.962740573361
0.117425867788
0.207204673508
1.121646193932
1.132993820325
2.449684930841
0.573072009764
1.253676597914
1.109389354821
1.300851660595
0.343285872904
0.487287354190
0.757633516179
0.603367435089
0.418413742230
0.824753466583
0.723472528168
0.280509129216
1.124378889952
1.978098462173
0.869745545946
1.007341483518
1.227078995469
0.465518512436
1.921378075113
0.205974684379
0.381159503843
0.874492693257
0.738176206582
0.827561901298
0.703491492282
1.646205234642
0.471672240538
1.667182835109
1.726821816410
1.474750645414
0.248556343715
0.785167709378
0.440205920984
1.696071392036
1.585429639110
0.614916328276
0.194968017734
0.213013798104
0.984660841916
1.010047295388
0.196466568546
1.045488531993
0.879946956111
1.428014745551
1.222209402131
0.667478881846
0.265151040736
0.331584697524
0.785634025355
1.402038080123
0.495057986329
0.648045963704
1.076881634161
1.573772299797
0.402935727705
0.236291217980
0.643027864570
0.257042680335
0.505446332888
0.465700746202
0.817799206219
0.786710050689
1.024018177046
1.557943422972
1.240555885368
1.154778337028
1.264145578126
1.015940424826
0.286400374406
2.306149986040
0.409441645185
0.660319653555
1.207780948736
1.445923865978
1.306761520269
2.234649015334
2.225013907828
0.070710678119
0.862957271066
1.208994350026
1.115122959795
0.152976030715
0.070710678119
0.719041214693
1.697972909459
0.589893647442
0.457841677216
1.046272251979
0.395239245551
1.856650963303
0.176670724592
0.489323953851
0.615251028301
0.884013754718
1.378721946434
0.645734580813
1.146191737981
1.538193068639
2.323270610831
1.415005567104
0.137184119316
1.762743360272
0.560563395236
0.286681478366
0.647355234501
1.933967362544
2.070023845813
0.337394856089
2.283217783138
1.362330350368
1.729099664903
0.692989071601
0.527666903370
1.995822083376
0.561881885707
1.875490918263
1.412515328740
0.680584890287
1.097280717888
0.718664124439
1.582212178413
0.082814541624
0.378205367116
1.825100887258
0.858437319127
0.939899655698
0.958121832982
2.304772204839
0.255488290164
0.921497332140
0.436240264700
0.552975310530
1.338736857059
2.395614173986
0.270217497012
0.128557478268
1.611449384471
1.827152891521
1.259589586310
2.247762043587
1.199979494354
0.437401844984
1.368469923068
0.806443789548
0.225283495805
1.065339578310
1.644235055448
0.350990337062
0.791086166040
1.374123405017
1.042486858716
1.072278475789
0.817718056797
0.921542524147
1.649646546250
1.080841098242
0.700805580159
1.249079495962
0.352231180279
0.913879704073
0.584784852764
1.410231686270
0.537437792550
0.278806653943
0.345684256265
1.770112547988
1.524344726413
0.906076969351
0.389846031144
0.283873939937
0.782808665810
0.779826716467
0.627172156962
0.588586988057
0.433201086871
0.146750515471
1.697653315367
0.860159592565
1.496030948513
1.542933513133
1.060616241922
0.405022399957
0.162508492954
1.381461565442
0.322631322155
0.186201058181
0.866554444793
0.658626091178
0.998277722456
0.727559691073
1.134542847806
1.071462059893
0.754816763364
1.016149853174
0.818398215849
1.653512361382
1.296992821847
0.437017700038
0.963579315120
0.790440040615
0.508282209148
0.777645923529
0.965791823894
0.936678829810
0.875830804003
0.564836662066
2.623806751184
1.298162717452
0.602014209776
1.179168583541
0.356556744969
0.896935798942
0.647705608849
0.527582872868
0.186539929763
0.816208761469
0.221142063735
1.019422131724
0.291729319074
0.649949165502
1.767483822553
0.070710678119
1.642746062040
0.524534420583
1.140145959581
2.169707972700
0.472137242195
1.696991363392
0.519709890926
0.307243644829
2.005561284608
2.173059468536
0.692983360718
0.206768358508
2.479281892027
0.908214424219
0.830793920477
0.460573335426
0.070710678119
3.405293010026
1.251701321982
1.430422088956
0.701349820918
0.109076076718
0.456096899486
0.749013390777
1.155762895241
0.376038045394
0.495860610899
1.092576387045
1.000226729559
0.833190816759
0.165908675574
0.608602857480
1.241040930654
1.619268124401
0.705973595921
0.487041192101
0.397523411124
0.070710678119
0.503382601783
2.243306941095
0.627834486457
0.266262751057
0.259037108949
0.955862327931
1.427513397422
1.978559156480
0.156090633047
0.211064690855
0.976374033696
0.424868523849
1.566278950930
0.552646640257
0.492854108521
1.257838948998
0.842875237345
0.953865733139
1.235388214890
0.743462614240
2.230738944112
0.411611760867
0.956413963642
1.973913232935
0.377086274960
0.809807030617
1.693160783279
0.872416221406
1.633644538306
1.674479398651
0.124985958886
0.515025913206
0.325108979775
0.375190865684
1.037426096021
0.734606944445
2.178181028165
0.881397212920
0.575916070454
0.645449238553
0.297782135191
1.148529362558
1.632719609883
0.257803982150
0.765185258433
1.300742409511
0.097488350303
1.214326405142
1.860924352174
1.208705305342
0.104358858557
0.952629825489
1.906105638596
0.495413532235
0.757919011141
0.179250600292
0.793587152354
1.172975801403
0.951384560032
0.307504577634
0.258163606996
1.236717804735
1.357889656024
0.397405136421
1.275797975016
0.090673044780
0.845612969380
1.251074799452
0.735314504414
1.039700003949
2.015384052766
0.288789040686
1.306012666889
0.913371710739
1.228240761562
0.071550019163
0.253457059440
0.656514828567
1.287341667658
2.501061563496
0.070710678119
1.227983662105
0.521215240445
0.074541984583
0.581938176568
0.815365680023
0.519024671814
1.509948921947
0.508928822147
1.603454211941
0.395618370375
1.504707426672
0.471390639052
2.380752239104
0.212175124430
3.245590505596
0.642595923134
0.271817562952
1.692724484646
1.339430449579
0.796920114121
0.429518089616
1.172735194810
0.310927280853
0.263887063868
1.219319702585
0.691750299916
1.233941374796
0.134528247380
1.983089460041
0.521927315794
0.185135849678
1.024218387801
0.132821420916
1.373075397273
0.945868882968
2.147042270779
2.208963608784
1.347908575546
0.520511835150
3.344658976211
0.714260728400
0.519957873916
0.933866501124
0.415126927338
1.800063438808
0.741230172004
1.387041229643
0.101753566333
2.152897815463
0.654075504322
0.301805473572
0.279602503312
0.997562598695
0.856516125970
0.513279794412
2.033690512878
0.407586743676
0.712275232162
0.448534882392
0.084353534984
1.759994104691
1.093060235708
1.378527329403
1.257111039131
0.726373364147
1.126177781606
1.106238520760
1.750601321597
1.378084698606
0.696139744066
1.173768696869
0.806547292725
1.007098016918
1.715070977642
0.863020823126
1.117567997638
0.364490620344
0.486514633125
0.352626199311
1.551651204490
0.651109664347
0.741208937952
1.402987299071
1.798962578401
0.483905206260
1.725830031026
0.743447059084
1.422829356587
1.418478416552
1.612777600844
0.070710678119
1.769326031542
1.027268757381
0.070710678119
0.185835114926
1.370386953322
0.944014169457
0.522044781038
2.276272683765
0.838454414965
0.193504863227
0.833489369888
0.519626438204
1.490626791233
1.458989526760
0.766107329346
1.688717099350
1.612590600191
1.812487683269
0.267931644841
0.537670324019
1.454838851286
0.122257973295
1.079926653268
1.745580883952
0.597523069918
0.723072680500
0.682727965707
0.480289920411
1.550946497257
0.394196972532
0.774504199226
1.023989215277
1.015557976825
1.663464177373
0.994299393503
0.816640428381
1.150256757784
0.513263531116
2.193563519514
0.336646297071
2.046723250935
0.315837297117
0.898267839979
0.678561924535
0.236494061341
1.272531698796
0.737970522895
1.297881704415
1.002622162056
0.740544931071
1.105742037443
1.246391653021
0.241146488024
1.200038391510
2.246684783155
1.573166183580
0.661449118976
1.339857732611
0.337829720374
1.062935455019
0.273137841773
1.510530628118
0.699935916936
0.839321558283
0.998340299977
0.755709396918
0.657678867531
1.868138505676
0.660682525411
0.734483095280
1.393196566301
0.779412148181
0.242483258881
1.794648700507
0.214019454947
0.502392873481
0.169549149093
0.830130341335
1.924862093129
0.126426628690
0.647057273023
0.132719620010
0.783741749433
0.665534597664
0.464722611812
1.136658062258
0.912072954392
1.436910520148
1.300554244294
1.045715212639
0.070710678119
0.456368794199
1.321230872763
0.070710678119
0.724045020683
1.963002322164
1.428656182204
1.005900077340
0.402145938109
0.600788392073
0.345129002239
1.818416799331
2.883166773909
0.561877736366
0.653565990587
0.346645711960
0.738211207039
1.359775665261
1.572059564624
2.710630159607
2.586937731662
0.760773773822
0.368650202089
1.050165845869
1.149888652295
0.839033540252
1.004643250890
0.207761918858
1.034044006669
1.312175365615
0.635943077325
1.509406384895
1.501996146136
0.839832683725
0.127341988823
0.292125755221
0.594885291127
0.149062500933
0.629744468787
0.663343571813
0.299556486964
1.385855281169
1.047342424482
1.027892482972
0.981108102697
0.441247186134
1.653848801165
1.867252243450
1.922357387083
1.713546673307
1.963243101583
0.072067830810
0.732545045995
1.961076845035
0.864695085581
1.634184002112
0.860260621416
1.167844082801
0.168039414284
1.410438905116
0.490755827879
0.429356187451
0.948442672296
2.498226284759
0.735337885225
0.886602174423
1.621992737610
0.590570084405
0.904627519965
0.272071572892
0.177105434667
1.036412068923
0.273279721709
2.453121839713
2.129336477180
0.497972983041
0.995830230179
0.409993294119
1.162511424482
0.379764739041
2.799707142387
2.167564023832
0.599610177546
1.214167303793
0.951501861082
1.817524369661
1.458028883312
0.459312909515
0.462446773245
2.487994915329
0.736796058269
1.503395452901
0.839965184337
1.271876902623
2.580019266978
1.209626192772
0.070710678119
0.440191658512
0.635396851410
0.477755520081
1.667118489579
0.875150213565
0.591463065669
1.177032953991
0.817165892483
0.377837981439
0.690981279332
0.740349892679
1.205901592321
1.398887287431
0.164030052006
1.078220285148
0.802133896717
0.333941938986
1.266126543502
0.845592920815
1.130351532864
1.571322252039
1.227477789740
0.999228266961
0.392880553005
0.314904990790
0.508038461278
0.328422622005
0.506892514922
0.409743525606
2.159285997554
0.690231948258
0.851908085042
1.073192695370
1.516655826981
0.494758631466
0.963943030578
0.070710678119
0.436971839422
0.784197177267
1.315667629760
1.703918811370
1.262681827188
0.596930256935
1.047911058820
0.785465791443
0.825445042892
0.915349491384
0.707167752012
2.072251999647
0.718511814608
1.317882812701
1.376011002858
1.276724636419
2.816666388220
1.474409135892
1.630941905500
2.075383456863
0.603221643956
1.549898667376
0.878371245384
1.056446840720
1.038196590669
0.213638225530
0.581544011801
0.070710678119
0.684000881498
1.879694304985
1.285295650194
0.496632389432
1.462505299756
0.245442428545
0.591493070323
0.808628839672
1.125524679431
1.612253149684
1.533981986198
1.678880465978
0.349029851108
1.574193561827
0.914150513428
0.096724528613
3.336561390186
1.533342723913
0.258306204422
1.091951771368
0.237566968940
1.068059915849
2.057441973041
0.836674821137
1.430638237086
0.726188073583
1.606546148166
0.918183142843
1.424803495949
0.143243863359
2.162336057000
0.299038358912
2.322452130200
1.007906855555
1.327615444956
0.475836543683
0.476232487263
0.372953961452
0.558982110834
1.365498821051
0.566690371750
2.447814135327
0.935370943246
0.627167990696
0.661924162600
0.577607200158
2.018857396329
0.350716214947
1.117585010383
0.495196001151
0.729320937699
1.186950486701
1.301650664849
1.375780746559
1.956021427907
0.443349460689
1.169026840734
0.355346831847
0.924016877418
1.711854548178
0.389602580102
2.308853848248
2.059539712494
1.837778523475
1.549221600953
1.031939711780
0.894395617575
0.819374279112
1.276866861597
1.206822835996
0.866554213742
1.700471748415
0.701583926125
0.517211428069
1.234789296348
0.919573375858
0.864827229801
1.025542290339
2.390083914509
0.236607022883
1.529549902787
1.544783683661
1.042193828290
0.421921847119
1.289800778433
2.276603738348
0.394944084903
0.783886351684
1.370811630200
1.305914515528
1.532071109600
0.534852752596
0.915665661694
1.111301353729
1.203878600765
0.740659061953
1.062955126919
1.216447333990
1.756557211342
0.375559689113
0.584475688496
0.119832900196
1.015001246990
2.942705215290
0.444873910401
2.221225055029
0.534983816439
1.157638130538
0.904353989625
0.912900321784
0.753403518880
1.148769400738
0.699778017227
1.357938559403
1.015887992582
2.310825987083
0.912366958781
1.943866831256
1.067388322554
1.599147225716
1.468221687435
0.141898265385
0.462212152699
0.442969395365
0.395640957132
0.692053399007
0.908440255780
0.070743447361
0.383151967318
0.846508649617
1.884732955110
0.529788119211
1.806980445253
1.554404115209
0.316913182748
0.393694464541
2.114363355604
0.290695029666
0.912117488391
1.193285552092
3.113842250057
1.511138852896
1.173792388263
0.414139325891
0.434594127867
1.351783656833
0.251764784082
0.726225928687
0.935708426205
0.424625618056
1.511413711872
2.727977303545
1.174862488692
1.128189889167
1.468398394634
1.332523355466
1.809997511046
1.816351875615
1.085686954188
0.681858075475
1.259011433606
1.092790185284
0.208205748491
0.429087643126
2.415494627351
1.798009489274
0.438800218852
